Last Conv Layers Statistical Summary for pretrained - Class: dog
================================================================================
                Layer Model1_Mean Model1_Median Model1_Min Model1_Max Model2_Mean Model2_Median Model2_Min Model2_Max
                conv1      0.4082        0.2445     0.0000     8.3235      0.4082        0.2445     0.0000     8.3235
       layer1.0.conv1      0.8817        0.6623     0.0000     9.8635      0.8381        0.6148     0.0000     9.4943
       layer1.0.conv2      0.3553        0.2496     0.0000     3.1269      0.3840        0.2595     0.0000     3.4906
       layer1.1.conv1      0.6490        0.5162     0.0000     6.0746      0.6146        0.5009     0.0000     5.8088
       layer1.1.conv2      0.2783        0.2131     0.0000     3.7223      0.2394        0.1629     0.0000     2.3442
       layer2.0.conv1      0.7064        0.5372     0.0000     7.0353      0.6366        0.4460     0.0000     6.4134
       layer2.0.conv2      0.2373        0.1754     0.0000     3.1152      0.1840        0.1064     0.0000     2.9681
layer2.0.downsample.0      0.2955        0.2175     0.0000     3.8950      0.2693        0.1999     0.0000     3.4836
       layer2.1.conv1      0.4955        0.3613     0.0000     6.6261      0.4174        0.2487     0.0000     4.2663
       layer2.1.conv2      0.1723        0.1279     0.0000     2.7179      0.1417        0.0812     0.0000     2.3353
       layer3.0.conv1      0.5165        0.3965     0.0000     5.9310      0.4028        0.2119     0.0000     6.1960
       layer3.0.conv2      0.3433        0.2619     0.0000     3.4590      0.2423        0.1067     0.0000     2.8895
layer3.0.downsample.0      0.1098        0.0843     0.0000     1.1057      0.0824        0.0467     0.0000     1.1832
       layer3.1.conv1      0.4876        0.3583     0.0000     5.0353      0.3676        0.1355     0.0000     5.9626
       layer3.1.conv2      0.1656        0.1124     0.0000     2.7753      0.1110        0.0223     0.0000     2.5681
       layer4.0.conv1      0.4695        0.3272     0.0000     9.0802      0.3131        0.0445     0.0000     8.0650
       layer4.0.conv2      0.2621        0.1473     0.0000     5.7157      0.1463        0.0000     0.0000     4.7472
layer4.0.downsample.0      0.1329        0.0965     0.0000     2.8624      0.1049        0.0449     0.0000     2.0030
       layer4.1.conv1      0.9816        0.5066     0.0000    14.4065      0.4370        0.0000     0.0000    10.3121
       layer4.1.conv2      0.6396        0.2475     0.0000    14.8607      0.4418        0.1753     0.0000     9.6742
                   fc      1.9132        1.8527     0.0005     5.8693      2.5538        2.4989     0.0000     6.8031
Jensen-Shannon Divergence for pretrained - Class: dog
============================================================
conv1: 0.000026
layer1.1.conv2: 0.198183
layer2.1.conv2: 0.229202
layer3.1.conv2: 0.284891
layer4.1.conv2: 0.093508
fc: 0.244674